[gd_scene load_steps=27 format=3 uid="uid://drdtfpvththqa"]

[ext_resource type="PackedScene" uid="uid://dcbb1bs7p270l" path="res://ingame_assets/dungeon_props/wallCornergltf.tscn" id="1"]
[ext_resource type="PackedScene" path="res://ingame_assets/dungeon_props/tileBrickA_mediumgltf.tscn" id="2"]
[ext_resource type="PackedScene" uid="uid://chy7fpwrfflhb" path="res://ingame_assets/dungeon_props/tileBrickA_largegltf.tscn" id="3"]
[ext_resource type="PackedScene" path="res://ingame_assets/dungeon_props/wallSingle_decorationBgltf.tscn" id="4"]
[ext_resource type="PackedScene" path="res://ingame_assets/dungeon_props/wallSingle_doorgltf.tscn" id="5"]
[ext_resource type="PackedScene" path="res://ingame_assets/dungeon_props/wallSingle_windowGategltf.tscn" id="6"]
[ext_resource type="PackedScene" path="res://ingame_assets/dungeon_props_moveable/hinge_door.tscn" id="7"]
[ext_resource type="PackedScene" uid="uid://ce157bl4t3df8" path="res://ingame_assets/dungeon_props/cratePlatform_mediumgltf.tscn" id="8"]
[ext_resource type="PackedScene" path="res://scenes/level_exit.tscn" id="9"]
[ext_resource type="PackedScene" path="res://ingame_assets/dungeon_props/torchWallgltf.tscn" id="10"]
[ext_resource type="PackedScene" path="res://ingame_assets/pot/potsgltf.tscn" id="11"]
[ext_resource type="PackedScene" path="res://ingame_assets/dungeon_props_moveable/coinsMediumgltf_moveable.tscn" id="12"]
[ext_resource type="PackedScene" path="res://ingame_assets/dungeon_props/chestTop_common_emptygltf.tscn" id="13"]
[ext_resource type="PackedScene" path="res://ingame_assets/dungeon_props/chestTop_raregltf.tscn" id="14"]
[ext_resource type="PackedScene" path="res://ingame_assets/dungeon_props_moveable/coingltf_moveable.tscn" id="15"]
[ext_resource type="PackedScene" path="res://ingame_assets/dungeon_props/chest_raregltf.tscn" id="16"]
[ext_resource type="PackedScene" path="res://ingame_assets/dungeon_props/chest_common_emptygltf.tscn" id="17"]
[ext_resource type="PackedScene" path="res://scenes/room_env.tscn" id="18"]
[ext_resource type="PackedScene" path="res://ingame_assets/dungeon_props/wall_end_brokengltf.tscn" id="19"]
[ext_resource type="PackedScene" path="res://ingame_assets/dungeon_props/wallDecorationBgltf.tscn" id="20"]
[ext_resource type="PackedScene" path="res://ingame_assets/dungeon_props/wallgltf.tscn" id="21"]
[ext_resource type="PackedScene" path="res://scenes/level_start.tscn" id="22"]
[ext_resource type="PackedScene" path="res://ingame_assets/pickups/pickup.tscn" id="23"]
[ext_resource type="PackedScene" path="res://ingame_assets/pot/pots_02.tscn" id="24"]
[ext_resource type="PackedScene" path="res://box/box.tscn" id="25"]
[ext_resource type="PackedScene" path="res://singletons/DistractionManager.tscn" id="26"]

[node name="Node3D" type="Node3D"]
transform = Transform3D(-1, 0, -3.25841e-07, 0, 1, 0, 3.25841e-07, 0, -1, 0, 0, 0)

[node name="DistractionManager" parent="." instance=ExtResource("26")]

[node name="pickup" parent="." instance=ExtResource("23")]
transform = Transform3D(-1, 0, 8.74228e-08, 0, 1, 0, -8.74228e-08, 0, -1, -1.99502e-06, 1.77125, 6.12267)

[node name="light" type="Node3D" parent="."]
transform = Transform3D(0.538903, 0, 0.842368, 0, 1, 0, -0.842368, 0, 0.538903, -4.60491, 0.973996, -10.6285)

[node name="torchWallgltf" parent="light" instance=ExtResource("10")]
transform = Transform3D(-0.501933, 0, 0.864906, 0, 1, 0, -0.864906, 0, -0.501933, -19.0154, 1.97123, 16.3611)

[node name="torchWallgltf2" parent="light" instance=ExtResource("10")]
transform = Transform3D(-0.501933, 0, 0.864906, 0, 1, 0, -0.864906, 0, -0.501933, -9.46936, 1.97123, 20.2825)

[node name="potsgltf" parent="light" instance=ExtResource("11")]
transform = Transform3D(0.864906, 0, 0.501933, 0, 1, 0, -0.501933, 0, 0.864906, -18.4321, 0.0260038, 11.3229)

[node name="potsgltf2" parent="light" instance=ExtResource("11")]
transform = Transform3D(0.864906, 0, 0.501933, 0, 1, 0, -0.501933, 0, 0.864906, 4.15958, 0.0260047, 8.87643)

[node name="torchWallgltf3" parent="light" instance=ExtResource("10")]
transform = Transform3D(0.864906, 0, 0.501933, 0, 1, 0, -0.501933, 0, 0.864906, -8.22896, 1.97123, 0.880688)

[node name="chests" type="Node3D" parent="."]
transform = Transform3D(1, 0, 0, 0, -4.37114e-08, -1, 0, 1, -4.37114e-08, 0, 2, -0.887689)

[node name="chest_raregltf" parent="chests" instance=ExtResource("16")]
transform = Transform3D(-0.727665, 0, 0.685933, -0.685933, -4.37114e-08, -0.727665, 2.99831e-08, -1, 3.18073e-08, -0.609894, 12.8093, 1.026)

[node name="chestTop_raregltf" parent="chests/chest_raregltf" instance=ExtResource("14")]
transform = Transform3D(0.999714, -0.0221892, -0.00895708, 0.0221892, 0.719522, 0.694116, -0.00895708, -0.694115, 0.719808, -0.0149702, 0.590556, -0.46829)

[node name="chest_raregltf4" parent="chests" instance=ExtResource("16")]
transform = Transform3D(0.758407, 0, 0.651781, -0.651781, -4.37114e-08, 0.758407, 2.84903e-08, -1, -3.3151e-08, -6.14991, -3.94953, 1.026)

[node name="chestTop_raregltf" parent="chests/chest_raregltf4" instance=ExtResource("14")]
transform = Transform3D(0.999714, -0.0221892, -0.00895708, 0.0221892, 0.719522, 0.694116, -0.00895708, -0.694115, 0.719808, -0.0149702, 0.590556, -0.46829)

[node name="chest_raregltf2" parent="chests" instance=ExtResource("16")]
transform = Transform3D(-0.944909, 0, -0.327334, 0.327334, -4.37114e-08, -0.944909, -1.43082e-08, -1, 4.13033e-08, 2.68258, 11.6096, 1.026)

[node name="chestTop_raregltf" parent="chests/chest_raregltf2" instance=ExtResource("14")]
transform = Transform3D(0.999984, 0.00508007, -0.00237361, 3.73721e-05, 0.417267, 0.908784, 0.00560716, -0.90877, 0.41726, -0.014971, 0.590556, -0.46829)

[node name="chest_raregltf5" parent="chests" instance=ExtResource("16")]
transform = Transform3D(-0.436692, 0, -0.899611, 0.899611, -4.37114e-08, -0.436692, -3.93233e-08, -1, 1.90884e-08, 6.68258, 3.60961, 1.026)

[node name="chestTop_raregltf" parent="chests/chest_raregltf5" instance=ExtResource("14")]
transform = Transform3D(0.999984, 0.00508007, -0.00237361, 3.73721e-05, 0.417267, 0.908784, 0.00560716, -0.90877, 0.41726, -0.014971, 0.590556, -0.46829)

[node name="chest_raregltf3" parent="chests" instance=ExtResource("16")]
transform = Transform3D(-0.498079, 0, 0.867131, -0.867131, -4.37114e-08, -0.498079, 3.79036e-08, -1, 2.17718e-08, -4.31742, 8.19152, 1.026)

[node name="chestTop_raregltf" parent="chests/chest_raregltf3" instance=ExtResource("14")]
transform = Transform3D(0.999984, 0.00508007, -0.00237361, 3.73721e-05, 0.417267, 0.908784, 0.00560716, -0.90877, 0.41726, -0.014971, 0.590556, -0.46829)

[node name="chest_common_emptygltf" parent="chests" instance=ExtResource("17")]
transform = Transform3D(-0.448508, 0, 0.893779, -0.893779, -4.37114e-08, -0.448508, 3.90683e-08, -1, 1.96049e-08, -6.65774, 6.96161, 0.94)

[node name="chestTop_common_emptygltf" parent="chests/chest_common_emptygltf" instance=ExtResource("13")]
transform = Transform3D(0.998909, -0.0424684, 0.019419, 0.00726028, 0.552029, 0.833793, -0.0461297, -0.832743, 0.551735, -0.0276775, 0.631823, -0.510375)

[node name="chest_common_emptygltf2" parent="chests" instance=ExtResource("17")]
transform = Transform3D(-0.687366, 0, -0.726311, 0.726311, -4.37114e-08, -0.687366, -3.17481e-08, -1, 3.00457e-08, 5.82525, 7.65955, 0.94)

[node name="chestTop_common_emptygltf" parent="chests/chest_common_emptygltf2" instance=ExtResource("13")]
transform = Transform3D(0.998909, -0.0424684, 0.019419, 0.00726028, 0.552029, 0.833793, -0.0461299, -0.832743, 0.551735, -0.0276775, 0.631823, -0.510376)

[node name="chest_common_emptygltf3" parent="chests" instance=ExtResource("17")]
transform = Transform3D(-0.153952, 0, 0.988078, -0.988078, -4.37114e-08, -0.153952, 4.31902e-08, -1, 6.72945e-09, -6.62603, -1.84557, 0.940001)

[node name="chestTop_common_emptygltf" parent="chests/chest_common_emptygltf3" instance=ExtResource("13")]
transform = Transform3D(0.998909, -0.0424684, 0.019419, 0.00726028, 0.552029, 0.833793, -0.0461296, -0.832743, 0.551735, -0.0276775, 0.631823, -0.510375)

[node name="chest_common_emptygltf4" parent="chests" instance=ExtResource("17")]
transform = Transform3D(0.719412, 0, -0.694583, 0.694583, -4.37114e-08, 0.719412, -3.03612e-08, -1, -3.14465e-08, 6.29484, -3.99875, 0.940001)

[node name="chestTop_common_emptygltf" parent="chests/chest_common_emptygltf4" instance=ExtResource("13")]
transform = Transform3D(0.998909, -0.0424684, 0.019419, 0.00726028, 0.552029, 0.833793, -0.0461296, -0.832743, 0.551735, -0.0276775, 0.631823, -0.510375)

[node name="ground" type="Node3D" parent="."]

[node name="tileBrickA_largegltf" parent="ground" instance=ExtResource("3")]

[node name="tileBrickA_largegltf2" parent="ground" instance=ExtResource("3")]
transform = Transform3D(1, 0, 0, 0, 1, 0, 0, 0, 1, -6, 0, 0)

[node name="tileBrickA_largegltf11" parent="ground" instance=ExtResource("3")]
transform = Transform3D(1, 0, 0, 0, 1, 0, 0, 0, 1, -12, 0, 0)

[node name="tileBrickA_largegltf3" parent="ground" instance=ExtResource("3")]
transform = Transform3D(1, 0, 0, 0, 1, 0, 0, 0, 1, 6, 0, 0)

[node name="tileBrickA_largegltf4" parent="ground" instance=ExtResource("3")]
transform = Transform3D(1, 0, 0, 0, 1, 0, 0, 0, 1, 0, 0, 6)

[node name="tileBrickA_largegltf5" parent="ground" instance=ExtResource("3")]
transform = Transform3D(1, 0, 0, 0, 1, 0, 0, 0, 1, -6, 0, 6)

[node name="tileBrickA_largegltf6" parent="ground" instance=ExtResource("3")]
transform = Transform3D(1, 0, 0, 0, 1, 0, 0, 0, 1, 6, 0, 6)

[node name="tileBrickA_largegltf7" parent="ground" instance=ExtResource("3")]
transform = Transform3D(1, 0, 0, 0, 1, 0, 0, 0, 1, 0, 0, -6)

[node name="wallSingle_doorgltf" parent="ground/tileBrickA_largegltf7" instance=ExtResource("5")]
transform = Transform3D(-4.37114e-08, 0, 1, 0, 1, 0, -1, 0, -4.37114e-08, -9, 1, 6)

[node name="tileBrickA_largegltf8" parent="ground" instance=ExtResource("3")]
transform = Transform3D(1, 0, 0, 0, 1, 0, 0, 0, 1, -6, 0, -6)

[node name="tileBrickA_largegltf9" parent="ground" instance=ExtResource("3")]
transform = Transform3D(1, 0, 0, 0, 1, 0, 0, 0, 1, 6, 0, -6)

[node name="tileBrickA_largegltf10" parent="ground" instance=ExtResource("3")]
transform = Transform3D(1, 0, 0, 0, 1, 0, 0, 0, 1, 0, 0, 12)

[node name="tileBrickA_largegltf13" parent="ground" instance=ExtResource("3")]
transform = Transform3D(1, 0, 0, 0, 1, 0, 0, 0, 1, 0, 0, -12)

[node name="tileBrickA_mediumgltf" parent="ground" instance=ExtResource("2")]
transform = Transform3D(1, 0, 0, 0, 1, 0, 0, 0, 1, -5, 0, 11)

[node name="tileBrickA_mediumgltf2" parent="ground" instance=ExtResource("2")]
transform = Transform3D(1, 0, 0, 0, 1, 0, 0, 0, 1, 5, 0, 11)

[node name="tileBrickA_mediumgltf3" parent="ground" instance=ExtResource("2")]
transform = Transform3D(1, 0, 0, 0, 1, 0, 0, 0, 1, -5, 0, -11)

[node name="tileBrickA_mediumgltf4" parent="ground" instance=ExtResource("2")]
transform = Transform3D(1, 0, 0, 0, 1, 0, 0, 0, 1, 5, 0, -11)

[node name="wall" type="Node3D" parent="."]

[node name="wallCornergltf" parent="wall" instance=ExtResource("1")]
transform = Transform3D(1, 0, 0, 0, 1, 0, 0, 0, 1, -7, 1, 9)

[node name="wallCornergltf18" parent="wall" instance=ExtResource("1")]
transform = Transform3D(-1, 0, -8.74228e-08, 0, 1, 0, 8.74228e-08, 0, -1, -9, 1, 9)

[node name="wallCornergltf2" parent="wall" instance=ExtResource("1")]
transform = Transform3D(1, 0, 0, 0, 1, 0, 0, 0, 1, -3, 1, 13)

[node name="wallCornergltf13" parent="wall" instance=ExtResource("1")]
transform = Transform3D(-1, 0, -8.74228e-08, 0, 1, 0, 8.74228e-08, 0, -1, -3, 1, 15)

[node name="wallCornergltf14" parent="wall" instance=ExtResource("1")]
transform = Transform3D(1.31134e-07, 0, -1, 0, 1, 0, 1, 0, 1.31134e-07, 3, 1, 15)

[node name="wallCornergltf3" parent="wall" instance=ExtResource("1")]
transform = Transform3D(-1, 0, -8.74228e-08, 0, 1, 0, 8.74228e-08, 0, -1, -7, 1, 13)

[node name="wallCornergltf4" parent="wall" instance=ExtResource("1")]
transform = Transform3D(-4.37114e-08, 0, 1, 0, 1, 0, -1, 0, -4.37114e-08, 3, 1, 13)

[node name="wallCornergltf5" parent="wall" instance=ExtResource("1")]
transform = Transform3D(-4.37114e-08, 0, 1, 0, 1, 0, -1, 0, -4.37114e-08, 7, 1, 9)

[node name="wallCornergltf19" parent="wall" instance=ExtResource("1")]
transform = Transform3D(1.31134e-07, 0, -1, 0, 1, 0, 1, 0, 1.31134e-07, 9, 1, 9)

[node name="wallCornergltf6" parent="wall" instance=ExtResource("1")]
transform = Transform3D(1.31134e-07, 0, -1, 0, 1, 0, 1, 0, 1.31134e-07, 7, 1, 13)

[node name="wallCornergltf42" parent="wall" instance=ExtResource("1")]
transform = Transform3D(1.31134e-07, 0, -1, 0, 1, 0, 1, 0, 1.31134e-07, 3, -3, 15)

[node name="wallCornergltf43" parent="wall" instance=ExtResource("1")]
transform = Transform3D(-4.37114e-08, 0, 1, 0, 1, 0, -1, 0, -4.37114e-08, 7, -3, 9)

[node name="wallCornergltf44" parent="wall" instance=ExtResource("1")]
transform = Transform3D(1.31134e-07, 0, -1, 0, 1, 0, 1, 0, 1.31134e-07, 9, -3, 9)

[node name="wallCornergltf45" parent="wall" instance=ExtResource("1")]
transform = Transform3D(1.31134e-07, 0, -1, 0, 1, 0, 1, 0, 1.31134e-07, 7, -3, 13)

[node name="wallCornergltf7" parent="wall" instance=ExtResource("1")]
transform = Transform3D(-1, 0, -8.74228e-08, 0, 1, 0, 8.74228e-08, 0, -1, 7, 1, -9)

[node name="wallCornergltf20" parent="wall" instance=ExtResource("1")]
transform = Transform3D(1, 0, 1.74846e-07, 0, 1, 0, -1.74846e-07, 0, 1, 9, 1, -9)

[node name="wallCornergltf8" parent="wall" instance=ExtResource("1")]
transform = Transform3D(-1, 0, -8.74228e-08, 0, 1, 0, 8.74228e-08, 0, -1, 3, 1, -13)

[node name="wallCornergltf16" parent="wall" instance=ExtResource("1")]
transform = Transform3D(1, 0, 1.74846e-07, 0, 1, 0, -1.74846e-07, 0, 1, 3, 1, -15)

[node name="wallCornergltf9" parent="wall" instance=ExtResource("1")]
transform = Transform3D(1, 0, 1.74846e-07, 0, 1, 0, -1.74846e-07, 0, 1, 7, 1, -13)

[node name="wallCornergltf28" parent="wall" instance=ExtResource("1")]
transform = Transform3D(-1, 0, -8.74228e-08, 0, 1, 0, 8.74228e-08, 0, -1, 7, -3, -9)

[node name="wallCornergltf29" parent="wall" instance=ExtResource("1")]
transform = Transform3D(1, 0, 1.74846e-07, 0, 1, 0, -1.74846e-07, 0, 1, 9, -3, -9)

[node name="wallCornergltf31" parent="wall" instance=ExtResource("1")]
transform = Transform3D(-1, 0, -8.74228e-08, 0, 1, 0, 8.74228e-08, 0, -1, 3, -3, -13)

[node name="wallCornergltf32" parent="wall" instance=ExtResource("1")]
transform = Transform3D(1, 0, 1.74846e-07, 0, 1, 0, -1.74846e-07, 0, 1, 3, -3, -15)

[node name="wallCornergltf41" parent="wall" instance=ExtResource("1")]
transform = Transform3D(1, 0, 1.74846e-07, 0, 1, 0, -1.74846e-07, 0, 1, 7, -3, -13)

[node name="wallCornergltf10" parent="wall" instance=ExtResource("1")]
transform = Transform3D(1.31134e-07, 0, -1, 0, 1, 0, 1, 0, 1.31134e-07, -3, 1, -13)

[node name="wallCornergltf15" parent="wall" instance=ExtResource("1")]
transform = Transform3D(-2.18557e-07, 0, 1, 0, 1, 0, -1, 0, -2.18557e-07, -3, 1, -15)

[node name="wallCornergltf11" parent="wall" instance=ExtResource("1")]
transform = Transform3D(1.31134e-07, 0, -1, 0, 1, 0, 1, 0, 1.31134e-07, -7, 1, -9)

[node name="wallCornergltf17" parent="wall" instance=ExtResource("1")]
transform = Transform3D(-2.18557e-07, 0, 1, 0, 1, 0, -1, 0, -2.18557e-07, -9, 1, -9)

[node name="wallCornergltf49" parent="wall" instance=ExtResource("1")]
transform = Transform3D(1.31134e-07, 0, -1, 0, 1, 0, 1, 0, 1.31134e-07, -7, -3, -9)

[node name="wallCornergltf50" parent="wall" instance=ExtResource("1")]
transform = Transform3D(-2.18557e-07, 0, 1, 0, 1, 0, -1, 0, -2.18557e-07, -9, -3, -9)

[node name="wallCornergltf12" parent="wall" instance=ExtResource("1")]
transform = Transform3D(-2.18557e-07, 0, 1, 0, 1, 0, -1, 0, -2.18557e-07, -7, 1, -13)

[node name="wallCornergltf48" parent="wall" instance=ExtResource("1")]
transform = Transform3D(-2.18557e-07, 0, 1, 0, 1, 0, -1, 0, -2.18557e-07, -7, -3, -13)

[node name="wallSingle_decorationBgltf" parent="wall" instance=ExtResource("4")]
transform = Transform3D(-1, 0, -8.74228e-08, 0, 1, 0, 8.74228e-08, 0, -1, 0, 1, 15)

[node name="wallSingle_decorationBgltf3" parent="wall" instance=ExtResource("4")]
transform = Transform3D(-2.18557e-07, 0, 1, 0, 1, 0, -1, 0, -2.18557e-07, -9, 1, 5)

[node name="wallSingle_decorationBgltf4" parent="wall" instance=ExtResource("4")]
transform = Transform3D(-2.18557e-07, 0, 1, 0, 1, 0, -1, 0, -2.18557e-07, -9, 1, -5)

[node name="cratePlatform_mediumgltf2" parent="wall" instance=ExtResource("8")]
transform = Transform3D(-4.37114e-08, 0, 1, 0, 1, 0, -1, 0, -4.37114e-08, 0, 0.965333, -1.0241)

[node name="cratePlatform_mediumgltf3" parent="wall" instance=ExtResource("8")]
transform = Transform3D(-4.37114e-08, 0, 1, 0, 1, 0, -1, 0, -4.37114e-08, 0, 0.965333, 0.975896)

[node name="wallCornergltf21" parent="wall" instance=ExtResource("1")]
transform = Transform3D(1, 0, 0, 0, 1, 0, 0, 0, 1, -7, 5, 9)

[node name="wallCornergltf22" parent="wall" instance=ExtResource("1")]
transform = Transform3D(-1, 0, -8.74228e-08, 0, 1, 0, 8.74228e-08, 0, -1, -9, 5, 9)

[node name="wallCornergltf23" parent="wall" instance=ExtResource("1")]
transform = Transform3D(1, 0, 0, 0, 1, 0, 0, 0, 1, -3, 5, 13)

[node name="wallCornergltf24" parent="wall" instance=ExtResource("1")]
transform = Transform3D(-1, 0, -8.74228e-08, 0, 1, 0, 8.74228e-08, 0, -1, -3, 5, 15)

[node name="wallCornergltf25" parent="wall" instance=ExtResource("1")]
transform = Transform3D(1.31134e-07, 0, -1, 0, 1, 0, 1, 0, 1.31134e-07, 3, 5, 15)

[node name="wallCornergltf26" parent="wall" instance=ExtResource("1")]
transform = Transform3D(-1, 0, -8.74228e-08, 0, 1, 0, 8.74228e-08, 0, -1, -7, 5, 13)

[node name="wallCornergltf27" parent="wall" instance=ExtResource("1")]
transform = Transform3D(-4.37114e-08, 0, 1, 0, 1, 0, -1, 0, -4.37114e-08, 3, 5, 13)

[node name="wallCornergltf30" parent="wall" instance=ExtResource("1")]
transform = Transform3D(1.31134e-07, 0, -1, 0, 1, 0, 1, 0, 1.31134e-07, 7, 5, 13)

[node name="wallCornergltf33" parent="wall" instance=ExtResource("1")]
transform = Transform3D(-1, 0, -8.74228e-08, 0, 1, 0, 8.74228e-08, 0, -1, 3, 5, -13)

[node name="wallCornergltf34" parent="wall" instance=ExtResource("1")]
transform = Transform3D(1, 0, 1.74846e-07, 0, 1, 0, -1.74846e-07, 0, 1, 3, 5, -15)

[node name="wallCornergltf35" parent="wall" instance=ExtResource("1")]
transform = Transform3D(1, 0, 1.74846e-07, 0, 1, 0, -1.74846e-07, 0, 1, 7, 5, -13)

[node name="wallCornergltf36" parent="wall" instance=ExtResource("1")]
transform = Transform3D(1.31134e-07, 0, -1, 0, 1, 0, 1, 0, 1.31134e-07, -3, 5, -13)

[node name="wallCornergltf37" parent="wall" instance=ExtResource("1")]
transform = Transform3D(-2.18557e-07, 0, 1, 0, 1, 0, -1, 0, -2.18557e-07, -3, 5, -15)

[node name="wallCornergltf38" parent="wall" instance=ExtResource("1")]
transform = Transform3D(1.31134e-07, 0, -1, 0, 1, 0, 1, 0, 1.31134e-07, -7, 5, -9)

[node name="wallCornergltf39" parent="wall" instance=ExtResource("1")]
transform = Transform3D(-2.18557e-07, 0, 1, 0, 1, 0, -1, 0, -2.18557e-07, -9, 5, -9)

[node name="wallCornergltf40" parent="wall" instance=ExtResource("1")]
transform = Transform3D(-2.18557e-07, 0, 1, 0, 1, 0, -1, 0, -2.18557e-07, -7, 5, -13)

[node name="wallSingle_decorationBgltf7" parent="wall" instance=ExtResource("4")]
transform = Transform3D(-1, 0, -8.74228e-08, 0, 1, 0, 8.74228e-08, 0, -1, 0, 5, 15)

[node name="wallSingle_decorationBgltf9" parent="wall" instance=ExtResource("4")]
transform = Transform3D(-2.18557e-07, 0, 1, 0, 1, 0, -1, 0, -2.18557e-07, -9, 5, 5)

[node name="wallSingle_decorationBgltf10" parent="wall" instance=ExtResource("4")]
transform = Transform3D(-2.18557e-07, 0, 1, 0, 1, 0, -1, 0, -2.18557e-07, -9, 5, -5)

[node name="wallSingle_windowGategltf3" parent="wall" instance=ExtResource("6")]
transform = Transform3D(-3.93403e-07, 0, 1, 0, 1, 0, -1, 0, -3.93403e-07, -9, 5, -4.76837e-07)

[node name="hinge_door" parent="wall" instance=ExtResource("7")]
transform = Transform3D(-4.37114e-08, 0, 1, 0, 1, 0, -1, 0, -4.37114e-08, -8.60138, 1.2723, 1)

[node name="wall_end_brokengltf" parent="wall" instance=ExtResource("19")]
transform = Transform3D(0, 0, -1, 0, 1, 0, 1, 0, 0, 7, 5, -12)

[node name="wall_end_brokengltf2" parent="wall" instance=ExtResource("19")]
transform = Transform3D(0, 0, -1, 0, 1, 0, 1, 0, 0, 9, 1, -8)

[node name="wallgltf" parent="wall" instance=ExtResource("21")]
transform = Transform3D(-8.74226e-08, 0, 0.999999, 0, 1, 0, -0.999999, 0, -8.74226e-08, 9, -3, -2)

[node name="wallgltf2" parent="wall" instance=ExtResource("21")]
transform = Transform3D(-8.74226e-08, 0, 0.999999, 0, 1, 0, -0.999999, 0, -8.74226e-08, 9, -3, 5)

[node name="wallDecorationBgltf" parent="wall" instance=ExtResource("20")]
transform = Transform3D(-8.74227e-08, 0, 0.999999, 0, 1, 0, -0.999999, 0, -8.74227e-08, 9, -3, -4.99999)

[node name="wallDecorationBgltf3" parent="wall" instance=ExtResource("20")]
transform = Transform3D(0.999999, 0, 4.37113e-08, 0, 1, 0, -4.37113e-08, 0, 0.999999, 0, 1, -15)

[node name="wallCornergltf46" parent="wall" instance=ExtResource("1")]
transform = Transform3D(1.31134e-07, 0, -1, 0, 1, 0, 1, 0, 1.31134e-07, -3, -3, -13)

[node name="wallCornergltf47" parent="wall" instance=ExtResource("1")]
transform = Transform3D(-2.18557e-07, 0, 1, 0, 1, 0, -1, 0, -2.18557e-07, -3, -3, -15)

[node name="wallDecorationBgltf5" parent="wall" instance=ExtResource("20")]
transform = Transform3D(0.999999, 0, 4.37113e-08, 0, 1, 0, -4.37113e-08, 0, 0.999999, 0, -3, -15)

[node name="wallDecorationBgltf4" parent="wall" instance=ExtResource("20")]
transform = Transform3D(0.999999, 0, 4.37113e-08, 0, 1, 0, -4.37113e-08, 0, 0.999999, 0, 5, -15)

[node name="wallDecorationBgltf2" parent="wall" instance=ExtResource("20")]
transform = Transform3D(-8.74227e-08, 0, 0.999999, 0, 1, 0, -0.999999, 0, -8.74227e-08, 9, -3, 2.00001)

[node name="wall_end_brokengltf3" parent="wall" instance=ExtResource("19")]
transform = Transform3D(-8.74228e-08, 0, 1, 0, 1, 0, -1, 0, -8.74228e-08, 9, 1, 7)

[node name="wall_end_brokengltf4" parent="wall" instance=ExtResource("19")]
transform = Transform3D(-8.74228e-08, 0, 1, 0, 1, 0, -1, 0, -8.74228e-08, 7, 5, 12)

[node name="coinsMediumgltf_moveable" parent="." instance=ExtResource("12")]
transform = Transform3D(-0.965926, 0, -0.258819, 0, 1, 0, 0.258819, 0, -0.965926, 1, 1, 10)

[node name="room_env" parent="." instance=ExtResource("18")]
transform = Transform3D(1, 0, 0, 0, 1, 0, 0, 0, 1, -5, 16, -13)

[node name="level_exit" parent="." instance=ExtResource("9")]
transform = Transform3D(1, 0, 0, 0, 1, 0, 0, 0, 1, -7.9897, 2.48578, -0.267134)

[node name="level_start" parent="." instance=ExtResource("22")]
transform = Transform3D(1, 0, 0, 0, 1, 0, 0, 0, 1, 5.76345, 3.753, -0.177912)

[node name="pots_02" parent="." instance=ExtResource("24")]
transform = Transform3D(1, 0, 0, 0, 1, 0, 0, 0, 1, 0.534746, 2.11055, -1.65098)

[node name="coingltf_moveable" parent="." instance=ExtResource("15")]
transform = Transform3D(1, 0, 0, 0, 1, 0, 0, 0, 1, -1.77357, 1.2, 8.05707)

[node name="coingltf_moveable3" parent="." instance=ExtResource("15")]
transform = Transform3D(1, 0, 0, 0, 1, 0, 0, 0, 1, -2.26531, 1.2, 8.01744)

[node name="coingltf_moveable4" parent="." instance=ExtResource("15")]
transform = Transform3D(1, 0, 0, 0, 1, 0, 0, 0, 1, -2.10121, 1.2, 7.14085)

[node name="coingltf_moveable5" parent="." instance=ExtResource("15")]
transform = Transform3D(1, 0, 0, 0, 1, 0, 0, 0, 1, -5.34868, 1.2, 4.0935)

[node name="coingltf_moveable6" parent="." instance=ExtResource("15")]
transform = Transform3D(1, 0, 0, 0, 1, 0, 0, 0, 1, -5.27407, 1.40364, 4.10575)

[node name="coingltf_moveable7" parent="." instance=ExtResource("15")]
transform = Transform3D(1, 0, 0, 0, 1, 0, 0, 0, 1, -5.281, 1.40364, 3.55637)

[node name="coingltf_moveable11" parent="." instance=ExtResource("15")]
transform = Transform3D(1, 0, 0, 0, 1, 0, 0, 0, 1, -3.68419, 1.40364, 3.98346)

[node name="coingltf_moveable12" parent="." instance=ExtResource("15")]
transform = Transform3D(1, 0, 0, 0, 1, 0, 0, 0, 1, -4.24889, 1.40364, 3.63618)

[node name="coingltf_moveable8" parent="." instance=ExtResource("15")]
transform = Transform3D(1, 0, 0, 0, 1, 0, 0, 0, 1, -7.37615, 1.40364, -0.474704)

[node name="coingltf_moveable9" parent="." instance=ExtResource("15")]
transform = Transform3D(1, 0, 0, 0, 1, 0, 0, 0, 1, -6.92327, 1.40364, -0.423949)

[node name="coingltf_moveable10" parent="." instance=ExtResource("15")]
transform = Transform3D(1, 0, 0, 0, 1, 0, 0, 0, 1, -6.69089, 1.40364, 0.0414979)

[node name="coingltf_moveable2" parent="." instance=ExtResource("15")]
transform = Transform3D(1, 0, 0, 0, 1, 0, 0, 0, 1, -1.77357, 1.2, 8.05707)

[node name="Box" parent="." instance=ExtResource("25")]
transform = Transform3D(1, 0, 0, 0, 1, 0, 0, 0, 1, 2.7548, 1.70645, 2.01596)

[node name="Box2" parent="." instance=ExtResource("25")]
transform = Transform3D(1, 0, 0, 0, 1, 0, 0, 0, 1, 5.13809, 1.70645, 10.1512)

[node name="Box3" parent="." instance=ExtResource("25")]
transform = Transform3D(1, 0, 0, 0, 1, 0, 0, 0, 1, -4.47975, 1.70645, -8.81374)

[node name="Box4" parent="." instance=ExtResource("25")]
transform = Transform3D(1, 0, 0, 0, 1, 0, 0, 0, 1, -4.35042, 1.70645, -10.0887)

[node name="Box5" parent="." instance=ExtResource("25")]
transform = Transform3D(1, 0, 0, 0, 1, 0, 0, 0, 1, -3.24081, 1.70645, -9.32023)
